50 0.747644 0.037371 0.734271 0.761017
60 0.708825 0.035009 0.696297 0.721353
70 0.674979 0.032592 0.663316 0.686642
80 0.646055 0.033223 0.634166 0.657944
90 0.619466 0.032862 0.607707 0.631226
100 0.595123 0.033750 0.583046 0.607200
110 0.573741 0.034799 0.561288 0.586194
120 0.554720 0.035787 0.541914 0.567526
130 0.536779 0.035812 0.523964 0.549594
140 0.520183 0.036534 0.507109 0.533257
150 0.505493 0.037370 0.492120 0.518865
160 0.491465 0.037735 0.477961 0.504968
170 0.478908 0.037889 0.465350 0.492467
180 0.467077 0.038038 0.453465 0.480689
190 0.456345 0.038486 0.442573 0.470118
200 0.445966 0.038655 0.432134 0.459799
210 0.436797 0.038752 0.422930 0.450665
220 0.427747 0.039126 0.413746 0.441748
230 0.419644 0.039174 0.405625 0.433662
240 0.411366 0.039103 0.397374 0.425359
250 0.404171 0.039201 0.390144 0.418199
260 0.397345 0.039564 0.383188 0.411503
270 0.390318 0.039361 0.376232 0.404403
280 0.383874 0.039662 0.369681 0.398067
290 0.377975 0.039913 0.363693 0.392258
300 0.372189 0.039542 0.358039 0.386339
310 0.366820 0.039620 0.352642 0.380998
320 0.361449 0.039954 0.347151 0.375746
330 0.356652 0.039879 0.342382 0.370923
340 0.351955 0.039933 0.337665 0.366245
350 0.347474 0.039678 0.333275 0.361672
360 0.342906 0.039757 0.328679 0.357133
370 0.338892 0.039827 0.324640 0.353144
380 0.334549 0.039979 0.320242 0.348855
390 0.330794 0.040044 0.316465 0.345124
400 0.326968 0.039927 0.312680 0.341256
410 0.323498 0.039962 0.309198 0.337798
420 0.320041 0.039877 0.305771 0.334310
430 0.316714 0.039969 0.302411 0.331017
440 0.313174 0.039639 0.298989 0.327358
450 0.309914 0.039705 0.295706 0.324123
460 0.307024 0.039515 0.292884 0.321164
470 0.304060 0.039708 0.289850 0.318269
480 0.301220 0.039348 0.287139 0.315300
490 0.298575 0.039591 0.284408 0.312743
500 0.295772 0.039474 0.281647 0.309898
510 0.293255 0.039446 0.279140 0.307371
520 0.290807 0.039418 0.276702 0.304913
530 0.288197 0.039393 0.274100 0.302293
540 0.285879 0.039153 0.271869 0.299890
550 0.283658 0.039370 0.269570 0.297746
560 0.281303 0.039211 0.267271 0.295334
570 0.279108 0.039047 0.265135 0.293081
580 0.276924 0.038805 0.263038 0.290811
590 0.274745 0.038972 0.260799 0.288691
600 0.272862 0.038633 0.259037 0.286686
610 0.270891 0.038693 0.257045 0.284738
620 0.268713 0.038581 0.254907 0.282519
630 0.266951 0.038445 0.253194 0.280709
640 0.265042 0.038261 0.251350 0.278734
650 0.263297 0.038127 0.249653 0.276941
660 0.261466 0.038298 0.247761 0.275171
670 0.259956 0.038227 0.246277 0.273635
680 0.258332 0.037897 0.244771 0.271893
690 0.256652 0.037865 0.243102 0.270201
700 0.255010 0.037720 0.241512 0.268508
710 0.253482 0.037763 0.239968 0.266995
720 0.252058 0.037619 0.238597 0.265520
730 0.250506 0.037667 0.237028 0.263985
740 0.248996 0.037384 0.235619 0.262374
750 0.247609 0.037298 0.234262 0.260956
760 0.246185 0.037306 0.232835 0.259535
770 0.245035 0.037320 0.231680 0.258389
780 0.243469 0.037091 0.230196 0.256742
790 0.242225 0.037137 0.228936 0.255515
800 0.240950 0.037021 0.227702 0.254198
810 0.239785 0.037076 0.226517 0.253052
820 0.238411 0.036970 0.225181 0.251640
830 0.237444 0.036932 0.224228 0.250660
840 0.236166 0.036874 0.222970 0.249361
850 0.235075 0.036480 0.222021 0.248129
860 0.233935 0.036672 0.220812 0.247058
870 0.232787 0.036530 0.219715 0.245859
880 0.231780 0.036443 0.218739 0.244821
890 0.230662 0.036311 0.217668 0.243655
900 0.229668 0.036245 0.216698 0.242638
910 0.228720 0.036297 0.215732 0.241709
920 0.227522 0.036060 0.214618 0.240426
930 0.226576 0.036155 0.213638 0.239514
940 0.225598 0.036044 0.212700 0.238496
950 0.224790 0.035930 0.211932 0.237647
960 0.223725 0.035690 0.210954 0.236497
970 0.222840 0.035702 0.210064 0.235615
980 0.221776 0.035551 0.209054 0.234498
990 0.221065 0.035412 0.208393 0.233737
1000 0.220201 0.035538 0.207484 0.232918
1010 0.219340 0.035405 0.206670 0.232009
1020 0.218386 0.035283 0.205760 0.231012
1030 0.217568 0.035180 0.204979 0.230156
1040 0.216853 0.034967 0.204340 0.229366
1050 0.216145 0.035022 0.203613 0.228677
1060 0.215380 0.034842 0.202912 0.227848
1070 0.214456 0.034781 0.202010 0.226902
1080 0.213580 0.034740 0.201149 0.226012
1090 0.212990 0.034639 0.200594 0.225385
1100 0.212275 0.034622 0.199886 0.224664
1110 0.211566 0.034369 0.199267 0.223864
1120 0.210818 0.034493 0.198475 0.223161
1130 0.210155 0.034438 0.197832 0.222479
1140 0.209383 0.034221 0.197137 0.221629
1150 0.208754 0.034086 0.196557 0.220952
1160 0.208061 0.033952 0.195912 0.220211
1170 0.207505 0.034040 0.195324 0.219686
1180 0.206693 0.034078 0.194498 0.218888
1190 0.206094 0.033888 0.193967 0.218220
1200 0.205560 0.033922 0.193421 0.217698
1210 0.205027 0.033737 0.192954 0.217099
1220 0.204291 0.033680 0.192239 0.216344
1230 0.203655 0.033537 0.191654 0.215657
1240 0.203018 0.033514 0.191025 0.215011
1250 0.202532 0.033516 0.190539 0.214526
1260 0.202047 0.033379 0.190103 0.213992
1270 0.201401 0.033239 0.189507 0.213296
1280 0.200933 0.033215 0.189048 0.212819
1290 0.200303 0.033073 0.188468 0.212138
1300 0.199780 0.033179 0.187907 0.211653
1310 0.199274 0.033104 0.187428 0.211120
1320 0.198792 0.033004 0.186981 0.210602
1330 0.198251 0.032894 0.186480 0.210022
1340 0.197749 0.033072 0.185915 0.209584
1350 0.197306 0.032912 0.185529 0.209083
1360 0.196737 0.032774 0.185009 0.208465
1370 0.196347 0.032825 0.184601 0.208094
1380 0.195791 0.032731 0.184079 0.207504
1390 0.195419 0.032476 0.183797 0.207040
1400 0.194905 0.032488 0.183280 0.206531
1410 0.194477 0.032558 0.182826 0.206128
1420 0.193973 0.032448 0.182361 0.205584
1430 0.193487 0.032399 0.181894 0.205081
1440 0.193060 0.032304 0.181500 0.204620
1450 0.192814 0.032318 0.181250 0.204379
1460 0.192289 0.032427 0.180685 0.203893
1470 0.191843 0.032167 0.180332 0.203354
1480 0.191614 0.032120 0.180120 0.203108
1490 0.191060 0.032042 0.179594 0.202526
1500 0.190665 0.032022 0.179206 0.202124
